concurrency	elapsed-r	errors-r	ops(total)-r	ops/sec(cum)-r	avg(ms)-r	p50(ms)-r	p95(ms)-r	p99(ms)-r	pMax(ms)-r	total-r	elapsed-w	errors-w	ops(total)-w	ops/sec(cum)-w	avg(ms)-w	p50(ms)-w	p95(ms)-w	p99(ms)-w	pMax(ms)-w	total-w	elapsed	errors	ops(total)	ops/sec(cum)	avg(ms)	p50(ms)	p95(ms)	p99(ms)	pMax(ms)
68	0.0	0.0	451895.0	15062.5	3.1	2.1	9.4	14.2	56.6	0.0	0.0	0.0	23745.0	791.5	86.9	4.2	486.5	528.5	570.4	0.0	0.0	0.0	475640.0	15853.9	7.3	2.2	10.0	26.75	570.4
